12
5 76.04094 39.4306 17.02319 61.23343 39.4306 62.59602 100 39.4306 90.76158 138.7666 39.4306 62.59602 123.9591 39.4306 17.02319 
5 100 160.5694 9.238415 61.23343 160.5694 37.40398 76.04094 160.5694 82.97681 123.9591 160.5694 82.97681 138.7666 160.5694 37.40398 
5 76.04094 39.4306 17.02319 61.23343 39.4306 62.59602 37.27437 85.56625 70.38079 37.27437 114.4338 29.61921 61.23343 85.56625 -3.357605 
5 61.23343 39.4306 62.59602 100 39.4306 90.76158 100 85.56625 115.9536 61.23343 114.4338 103.3576 37.27437 85.56625 70.38079 
5 100 39.4306 90.76158 138.7666 39.4306 62.59602 162.7256 85.56625 70.38079 138.7666 114.4338 103.3576 100 85.56625 115.9536 
5 138.7666 39.4306 62.59602 123.9591 39.4306 17.02319 138.7666 85.56625 -3.357605 162.7256 114.4338 29.61921 162.7256 85.56625 70.38079 
5 123.9591 39.4306 17.02319 76.04094 39.4306 17.02319 61.23343 85.56625 -3.357605 100 114.4338 -15.95363 138.7666 85.56625 -3.357605 
5 100 160.5694 9.238415 61.23343 160.5694 37.40398 37.27437 114.4338 29.61921 61.23343 85.56625 -3.357605 100 114.4338 -15.95363 
5 61.23343 160.5694 37.40398 76.04094 160.5694 82.97681 61.23343 114.4338 103.3576 37.27437 85.56625 70.38079 37.27437 114.4338 29.61921 
5 76.04094 160.5694 82.97681 123.9591 160.5694 82.97681 138.7666 114.4338 103.3576 100 85.56625 115.9536 61.23343 114.4338 103.3576 
5 123.9591 160.5694 82.97681 138.7666 160.5694 37.40398 162.7256 114.4338 29.61921 162.7256 85.56625 70.38079 138.7666 114.4338 103.3576 
5 138.7666 160.5694 37.40398 100 160.5694 9.238415 100 114.4338 -15.95363 138.7666 85.56625 -3.357605 162.7256 114.4338 29.61921 
