12
5 76.04094 51.60059 103.1282 61.23343 80.89426 68.21743 100 98.99871 46.64135 138.7666 80.89426 68.21743 123.9591 51.60059 103.1282 
5 100 -138.9987 -46.64136 61.23343 -120.8943 -68.21743 76.04094 -91.60062 -103.1282 123.9591 -91.60062 -103.1282 138.7666 -120.8943 -68.21743 
5 76.04094 51.60059 103.1282 61.23343 80.89426 68.21743 37.27437 15.21431 2.943094 37.27437 -55.21432 -2.94309 61.23343 -32.18382 59.42999 
5 61.23343 80.89426 68.21743 100 98.99871 46.64135 100 44.50797 -31.96772 61.23343 -7.816187 -59.42997 37.27437 15.21431 2.943094 
5 100 98.99871 46.64135 138.7666 80.89426 68.21743 162.7256 15.21431 2.943094 138.7666 -7.816187 -59.42997 100 44.50797 -31.96772 
5 138.7666 80.89426 68.21743 123.9591 51.60059 103.1282 138.7666 -32.18382 59.42999 162.7256 -55.21432 -2.94309 162.7256 15.21431 2.943094 
5 123.9591 51.60059 103.1282 76.04094 51.60059 103.1282 61.23343 -32.18382 59.42999 100 -84.50797 31.96773 138.7666 -32.18382 59.42999 
5 100 -138.9987 -46.64136 61.23343 -120.8943 -68.21743 37.27437 -55.21432 -2.94309 61.23343 -32.18382 59.42999 100 -84.50797 31.96773 
5 61.23343 -120.8943 -68.21743 76.04094 -91.60062 -103.1282 61.23343 -7.816187 -59.42997 37.27437 15.21431 2.943094 37.27437 -55.21432 -2.94309 
5 76.04094 -91.60062 -103.1282 123.9591 -91.60062 -103.1282 138.7666 -7.816187 -59.42997 100 44.50797 -31.96772 61.23343 -7.816187 -59.42997 
5 123.9591 -91.60062 -103.1282 138.7666 -120.8943 -68.21743 162.7256 -55.21432 -2.94309 162.7256 15.21431 2.943094 138.7666 -7.816187 -59.42997 
5 138.7666 -120.8943 -68.21743 100 -138.9987 -46.64136 100 -84.50797 31.96773 138.7666 -32.18382 59.42999 162.7256 -55.21432 -2.94309 
